16
142590.000000
0.258871 -15.000000 -8.000000 249
0.539313 -32.000000 -22.000000 873
0.815433 -55.000000 -30.000000 971
0.983613 -55.000000 -38.000000 745
1.238931 -62.000000 -53.000000 137
1.388466 -67.000000 -53.000000 726
1.605998 -70.000000 -62.000000 194
1.795881 -83.000000 -62.000000 798
1.895881 -83.000000 -63.000000 328
2.081609 -84.000000 -69.000000 440
2.275043 -84.000000 -83.000000 886
2.440332 -85.000000 -86.000000 818
2.595709 -86.000000 -88.000000 859
2.799726 -87.000000 -98.000000 712
2.941147 -88.000000 -99.000000 672
3.126875 -94.000000 -100.000000 41
